GFLOPS: 8.646125
GFLOPS: 8.639707
GFLOPS: 8.657069
