GIOPS: 8.669155
GIOPS: 8.130392
GIOPS: 8.660769
